Training started at 2024-12-27 19:59:53.533721
Epoch,Train_Loss,Val_Loss,Precision,Recall,Accuracy,L1_Distance
0,2.190194,1.358429,0.194915,0.442308,0.683673,0.202910
1,2.026219,1.585430,0.159236,0.480769,0.594388,0.163898
2,2.011147,1.448272,0.183673,0.519231,0.630102,0.141154
3,1.991388,1.141336,0.259259,0.538462,0.734694,0.134907
4,1.989936,1.419836,0.227545,0.730769,0.635204,0.110068
5,1.969292,1.342283,0.246269,0.634615,0.693878,0.112368
6,1.961128,1.771926,0.132075,0.403846,0.568878,0.094400
7,1.936434,0.843914,0.287500,0.442308,0.780612,0.093993
8,1.928429,1.152070,0.228070,0.500000,0.709184,0.077477
9,1.850089,1.491772,0.192857,0.519231,0.647959,0.083479
10,1.853499,1.240255,0.250000,0.557692,0.719388,0.074343
11,1.835424,1.113655,0.278261,0.615385,0.737245,0.062937
12,1.828532,0.986692,0.305263,0.557692,0.772959,0.055168
13,1.792824,0.790698,0.355263,0.519231,0.811224,0.058532
14,1.728868,0.709181,0.405797,0.538462,0.834184,0.050375
15,1.701855,0.682014,0.413793,0.461538,0.841837,0.045900
16,1.597007,0.583401,0.444444,0.461538,0.852041,0.042405
17,1.596894,0.520770,0.509434,0.519231,0.869898,0.041546
18,1.526523,0.458010,0.574074,0.596154,0.887755,0.038918
19,1.418069,0.511359,0.516667,0.596154,0.872449,0.036888
20,1.350287,0.537963,0.553571,0.596154,0.882653,0.035401
21,1.326641,0.502097,0.604167,0.557692,0.892857,0.033953
22,1.235632,0.502090,0.592593,0.615385,0.892857,0.034012
23,1.161675,0.520112,0.574074,0.596154,0.887755,0.036820
24,1.070898,0.528859,0.563636,0.596154,0.885204,0.034555
25,1.000911,0.519875,0.574074,0.596154,0.887755,0.033723
26,0.950912,0.493172,0.607843,0.596154,0.895408,0.034943
27,0.871892,0.484210,0.620000,0.596154,0.897959,0.034444
28,0.843477,0.475214,0.632653,0.596154,0.900510,0.033563
29,0.789409,0.475352,0.632653,0.596154,0.900510,0.035546
30,0.772391,0.430642,0.704545,0.596154,0.913265,0.034787
31,0.750411,0.430613,0.704545,0.596154,0.913265,0.034357
32,0.744215,0.439506,0.697674,0.576923,0.910714,0.033809
33,0.736829,0.439521,0.697674,0.576923,0.910714,0.034033
34,0.738477,0.439548,0.697674,0.576923,0.910714,0.034454
35,0.709062,0.439554,0.697674,0.576923,0.910714,0.034447
36,0.730934,0.439547,0.697674,0.576923,0.910714,0.034420
37,0.704266,0.448449,0.690476,0.557692,0.908163,0.034250
38,0.707517,0.439528,0.707317,0.557692,0.910714,0.034356
39,0.708543,0.439519,0.707317,0.557692,0.910714,0.034260
40,0.689670,0.457464,0.674419,0.557692,0.905612,0.035214
41,0.697798,0.475222,0.658537,0.519231,0.900510,0.033980
42,0.701365,0.466360,0.666667,0.538462,0.903061,0.034709
43,0.696872,0.484226,0.657895,0.480769,0.897959,0.034742
44,0.704304,0.475301,0.675676,0.480769,0.900510,0.034729
45,0.677491,0.475262,0.675676,0.480769,0.900510,0.034229
46,0.682126,0.475325,0.675676,0.480769,0.900510,0.035005
47,0.692301,0.475220,0.675676,0.480769,0.900510,0.033643
48,0.696047,0.448479,0.700000,0.538462,0.908163,0.034079
49,0.682512,0.439531,0.717949,0.538462,0.910714,0.033885
50,0.674584,0.439556,0.717949,0.538462,0.910714,0.034076
51,0.679456,0.439579,0.717949,0.538462,0.910714,0.034194
52,0.680032,0.439596,0.717949,0.538462,0.910714,0.034186
53,0.685926,0.430666,0.714286,0.576923,0.913265,0.034131
54,0.686233,0.430610,0.714286,0.576923,0.913265,0.033448
55,0.690065,0.439595,0.717949,0.538462,0.910714,0.034120
56,0.678133,0.457405,0.702703,0.500000,0.905612,0.033490
57,0.678808,0.439570,0.697674,0.576923,0.910714,0.033623
58,0.673967,0.457463,0.702703,0.500000,0.905612,0.034025
59,0.689500,0.430625,0.704545,0.596154,0.913265,0.033455
60,0.687845,0.430631,0.714286,0.576923,0.913265,0.033443
61,0.678522,0.448498,0.690476,0.557692,0.908163,0.033600
62,0.679987,0.430562,0.695652,0.615385,0.913265,0.032631
63,0.680873,0.448516,0.681818,0.576923,0.908163,0.033686
64,0.686706,0.430612,0.695652,0.615385,0.913265,0.033149
65,0.711808,0.430595,0.695652,0.615385,0.913265,0.032835
66,0.701222,0.448497,0.700000,0.538462,0.908163,0.033395
67,0.672472,0.430594,0.695652,0.615385,0.913265,0.032790
68,0.683987,0.403834,0.744186,0.615385,0.920918,0.033059
69,0.665696,0.430608,0.695652,0.615385,0.913265,0.032871
70,0.684919,0.439570,0.697674,0.576923,0.910714,0.033259
71,0.676375,0.439519,0.688889,0.596154,0.910714,0.032664
72,0.692873,0.430574,0.704545,0.596154,0.913265,0.032467
73,0.674632,0.430573,0.704545,0.596154,0.913265,0.032437
74,0.689688,0.430556,0.704545,0.596154,0.913265,0.032171
75,0.678733,0.439518,0.707317,0.557692,0.910714,0.032567
76,0.688744,0.430602,0.704545,0.596154,0.913265,0.032704
77,0.668829,0.448437,0.700000,0.538462,0.908163,0.032528
78,0.684389,0.430543,0.704545,0.596154,0.913265,0.032011
79,0.688499,0.439453,0.688889,0.596154,0.910714,0.031840
80,0.671627,0.439499,0.707317,0.557692,0.910714,0.032327
81,0.673719,0.430559,0.704545,0.596154,0.913265,0.032178
82,0.681796,0.448412,0.681818,0.576923,0.908163,0.032128
83,0.675657,0.448442,0.690476,0.557692,0.908163,0.032517
84,0.676515,0.439469,0.707317,0.557692,0.910714,0.031943
85,0.674181,0.430537,0.725000,0.557692,0.913265,0.031983
86,0.686372,0.421606,0.711111,0.615385,0.915816,0.031894
87,0.689074,0.430564,0.704545,0.596154,0.913265,0.032230
88,0.687738,0.421607,0.711111,0.615385,0.915816,0.031878
89,0.688044,0.430536,0.704545,0.596154,0.913265,0.031866
90,0.671517,0.439479,0.717949,0.538462,0.910714,0.032064
91,0.677244,0.430500,0.695652,0.615385,0.913265,0.031434
92,0.665163,0.430539,0.704545,0.596154,0.913265,0.031914
93,0.666624,0.430517,0.695652,0.615385,0.913265,0.031611
94,0.671399,0.439424,0.680851,0.615385,0.910714,0.031411
95,0.670913,0.430535,0.695652,0.615385,0.913265,0.031810
96,0.680617,0.430531,0.704545,0.596154,0.913265,0.031723
97,0.676638,0.421579,0.711111,0.615385,0.915816,0.031525
98,0.667331,0.421580,0.711111,0.615385,0.915816,0.031471
99,0.674884,0.430498,0.695652,0.615385,0.913265,0.031350
